0 667.0 1 687.0 2 598.0 3 613.0 4 508.0 5 490.0 6 397.0 7 458.0 8 437.0 9 487.0 10 423.0 11 379.0 12 288.0 13 304.0 14 304.0 15 304.0 16 304.0 17 255.0 18 266.0 19 266.0 20 229.0 21 204.0 22 176.0 23 182.0 24 176.0 25 198.0 26 233.0 27 255.0 28 255.0 29 255.0 30 293.0 31 293.0 32 335.0 33 335.0 34 322.0 35 314.0 36 361.0 37 410.0 38 410.0 39 410.0 40 438.0 41 438.0 42 438.0 43 438.0 44 438.0 45 438.0 46 438.0 47 434.0 48 434.0 49 434.0 
0 366.0 1 460.0 2 437.0 3 435.0 4 489.0 5 596.0 6 569.0 7 540.0 8 596.0 9 551.0 10 508.0 11 547.0 12 493.0 13 501.0 14 501.0 15 470.0 16 404.0 17 397.0 18 405.0 19 392.0 20 392.0 21 353.0 22 334.0 23 345.0 24 334.0 25 350.0 26 376.0 27 376.0 28 370.0 29 393.0 30 393.0 31 393.0 32 393.0 33 413.0 34 413.0 35 413.0 36 413.0 37 445.0 38 445.0 39 445.0 40 445.0 41 452.0 42 452.0 43 452.0 44 452.0 45 452.0 46 472.0 47 472.0 48 472.0 49 472.0 50 472.0 51 472.0 52 472.0 
0 551.0 1 581.0 2 619.0 3 530.0 4 552.0 5 555.0 6 538.0 7 447.0 8 410.0 9 413.0 10 364.0 11 412.0 12 305.0 13 319.0 14 240.0 15 237.0 16 169.0 17 238.0 18 218.0 19 218.0 20 187.0 21 179.0 22 206.0 23 187.0 24 238.0 25 238.0 26 238.0 27 220.0 28 220.0 29 228.0 30 234.0 31 234.0 32 229.0 33 254.0 34 254.0 35 261.0 36 286.0 37 286.0 38 286.0 39 286.0 40 283.0 41 310.0 42 310.0 43 310.0 44 310.0 45 344.0 46 363.0 47 363.0 48 363.0 49 363.0 
0 475.0 1 433.0 2 384.0 3 295.0 4 337.0 5 267.0 6 256.0 7 266.0 8 238.0 9 220.0 10 198.0 11 175.0 12 171.0 13 203.0 14 157.0 15 143.0 16 157.0 17 184.0 18 197.0 19 184.0 20 246.0 21 262.0 22 262.0 23 262.0 24 312.0 25 281.0 26 286.0 27 286.0 28 278.0 29 277.0 30 352.0 31 352.0 32 352.0 33 377.0 34 377.0 35 377.0 36 382.0 37 396.0 38 396.0 39 396.0 40 396.0 41 395.0 42 395.0 43 395.0 44 399.0 45 399.0 46 399.0 47 408.0 48 454.0 49 454.0 50 454.0 51 503.0 52 503.0 53 503.0 54 503.0 55 503.0 56 521.0 57 521.0 58 521.0 59 521.0 60 521.0 61 521.0 62 529.0 63 529.0 64 529.0 65 529.0 66 529.0 67 529.0 68 529.0 69 529.0 70 529.0 71 536.0 72 536.0 73 536.0 74 536.0 75 536.0 76 536.0 77 536.0 78 536.0 79 536.0 80 536.0 81 557.0 82 567.0 83 567.0 84 567.0 85 567.0 86 567.0 87 567.0 88 567.0 89 567.0 
0 586.0 1 576.0 2 505.0 3 551.0 4 447.0 5 354.0 6 337.0 7 217.0 8 267.0 9 254.0 10 266.0 11 222.0 12 224.0 13 299.0 14 244.0 15 254.0 16 253.0 17 269.0 18 259.0 19 259.0 20 237.0 21 288.0 22 250.0 23 277.0 24 295.0 25 304.0 26 303.0 27 303.0 28 311.0 29 291.0 30 291.0 31 294.0 32 301.0 33 301.0 34 293.0 35 336.0 36 351.0 37 388.0 38 388.0 39 438.0 40 438.0 41 438.0 42 438.0 43 438.0 44 438.0 45 438.0 46 438.0 47 438.0 48 440.0 49 440.0 
0 573.0 1 619.0 2 594.0 3 548.0 4 552.0 5 515.0 6 533.0 7 519.0 8 412.0 9 390.0 10 477.0 11 541.0 12 502.0 13 413.0 14 437.0 15 433.0 16 390.0 17 387.0 18 409.0 19 471.0 20 466.0 21 482.0 22 482.0 23 473.0 24 443.0 25 447.0 26 447.0 27 479.0 28 528.0 29 531.0 30 532.0 31 546.0 32 546.0 33 546.0 34 546.0 35 546.0 36 546.0 37 546.0 38 546.0 39 546.0 40 585.0 41 585.0 42 585.0 43 585.0 44 585.0 45 585.0 46 585.0 47 585.0 48 585.0 49 585.0 
0 630.0 1 607.0 2 561.0 3 647.0 4 558.0 5 690.0 6 583.0 7 537.0 8 642.0 9 558.0 10 517.0 11 530.0 12 481.0 13 441.0 14 454.0 15 462.0 16 455.0 17 452.0 18 452.0 19 450.0 20 415.0 21 409.0 22 409.0 23 527.0 24 519.0 25 519.0 26 519.0 27 519.0 28 519.0 29 519.0 30 549.0 31 549.0 32 549.0 33 549.0 34 549.0 35 549.0 36 549.0 37 549.0 38 549.0 39 549.0 40 594.0 41 594.0 42 594.0 43 594.0 44 594.0 45 594.0 46 594.0 47 594.0 48 594.0 49 594.0 
0 493.0 1 613.0 2 585.0 3 597.0 4 594.0 5 659.0 6 570.0 7 515.0 8 456.0 9 467.0 10 430.0 11 377.0 12 331.0 13 268.0 14 290.0 15 287.0 16 280.0 17 274.0 18 273.0 19 288.0 20 266.0 21 338.0 22 338.0 23 338.0 24 321.0 25 397.0 26 397.0 27 397.0 28 385.0 29 461.0 30 461.0 31 461.0 32 512.0 33 518.0 34 518.0 35 511.0 36 511.0 37 517.0 38 517.0 39 517.0 40 517.0 41 517.0 42 517.0 43 517.0 44 519.0 45 519.0 46 519.0 47 519.0 48 519.0 49 519.0 
0 473.0 1 503.0 2 440.0 3 372.0 4 362.0 5 454.0 6 492.0 7 470.0 8 468.0 9 418.0 10 410.0 11 360.0 12 351.0 13 334.0 14 295.0 15 351.0 16 279.0 17 370.0 18 368.0 19 334.0 20 305.0 21 283.0 22 355.0 23 355.0 24 355.0 25 334.0 26 322.0 27 338.0 28 323.0 29 365.0 30 367.0 31 367.0 32 403.0 33 403.0 34 403.0 35 403.0 36 403.0 37 403.0 38 420.0 39 420.0 40 420.0 41 420.0 42 420.0 43 420.0 44 420.0 45 420.0 46 440.0 47 450.0 48 450.0 49 450.0 
0 447.0 1 474.0 2 475.0 3 531.0 4 566.0 5 526.0 6 391.0 7 425.0 8 443.0 9 468.0 10 407.0 11 438.0 12 354.0 13 316.0 14 354.0 15 393.0 16 329.0 17 311.0 18 376.0 19 416.0 20 404.0 21 364.0 22 364.0 23 434.0 24 430.0 25 430.0 26 460.0 27 460.0 28 453.0 29 453.0 30 453.0 31 453.0 32 453.0 33 453.0 34 450.0 35 472.0 36 472.0 37 472.0 38 472.0 39 472.0 40 472.0 41 472.0 42 472.0 43 506.0 44 506.0 45 507.0 46 507.0 47 507.0 48 507.0 49 508.0 50 509.0 51 511.0 
